Date	T	H	WS	WD	NS	EW		
								
1.sij.99		94	0,9	129	0,777145961456971	-0,629320391049837		32,8
2.sij.99		93	1,1	183	-0,052335956242944	-0,998629534754574		6,3
3.sij.99		96	1,5	203	-0,390731128489274	-0,92050485345244		
4.sij.99		97	4	129	0,777145961456971	-0,629320391049837		
5.sij.99		95	0,5	112	0,927183854566787	-0,374606593415912		
6.sij.99		95	2,6	66	0,913545457642601	0,4067366430758		
7.sij.99		97	1,8	98	0,99026806874157	-0,139173100960065		
8.sij.99		99	0,3	339	-0,358367949545301	0,933580426497202		
9.sij.99		98	1	158	0,374606593415912	-0,927183854566787		
10.sij.99		93	0,7	90	1	6,12323399573677E-17		
11.sij.99		92	2,1	72	0,951056516295153	0,309016994374947		
12.sij.99		90	1,8	70	0,939692620785908	0,342020143325669		
13.sij.99		91	0,7	102	0,978147600733806	-0,207911690817759		
14.sij.99		92	1,3	127	0,798635510047293	-0,601815023152048		
15.sij.99		93	1	72	0,951056516295153	0,309016994374947		
16.sij.99		95	1,8	175	0,087155742747659	-0,996194698091746		
17.sij.99		95	2,4	160	0,342020143325669	-0,939692620785908		
18.sij.99		91	0,9	75	0,965925826289068	0,258819045102521		
19.sij.99		94	0,7	126	0,809016994374947	-0,587785252292473		
20.sij.99		95	1,6	141	0,629320391049838	-0,777145961456971		
21.sij.99		95	1,8	81	0,987688340595138	0,156434465040231		
22.sij.99		93	1	96	0,994521895368273	-0,104528463267653		
23.sij.99		25	0,9	116	0,898794046299167	-0,438371146789078		
24.sij.99	12,2	8	1,1	79	0,981627183447664	0,190808995376545		
25.sij.99	9,1	97	1,4	85	0,996194698091746	0,087155742747658		3,1
26.sij.99	11,8	100	2,4	162	0,309016994374947	-0,951056516295153		5,8
27.sij.99	12,2	99	0,5	94	0,997564050259824	-0,069756473744125		6,2
28.sij.99	10,9	94	1	89	0,999847695156391	0,017452406437283		7,5
29.sij.99	11,2	87	0,9	74	0,961261695938319	0,275637355816999		7,8
30.sij.99	14,9	72	2,6	108	0,951056516295154	-0,309016994374947		11,5
31.sij.99	11,2	25	3,7	64	0,898794046299167	0,438371146789077		15,2
1.velj.99	7,7	47	1,6	58	0,848048096156426	0,529919264233205		18,7
2.velj.99	11,8	64	1,7	74	0,961261695938319	0,275637355816999		22,8
3.velj.99	11,9	64	2,8	91	0,999847695156391	-0,017452406437284		22,9
4.velj.99	13,4	60	1,5	49	0,754709580222772	0,656059028990507		24,4
5.velj.99	17	47	0,6	74	0,961261695938319	0,275637355816999		28
6.velj.99	14,4	66	1	218	-0,615661475325658	-0,788010753606722		30,6
7.velj.99	12,8	73	1,5	258	-0,978147600733806	-0,20791169081776		32,2
8.velj.99	13,1	65	1,1	224	-0,694658370458997	-0,719339800338651		32,5
9.velj.99	10,9	100	1,2	288	-0,951056516295154	0,309016994374947		34,7
10.velj.99	9,4	64	1,7	288	-0,951056516295154	0,309016994374947		36,2
11.velj.99	10,3	73	2,5	296	-0,898794046299167	0,438371146789077		37,1
12.velj.99	7,8	89	1,1	66	0,913545457642601	0,4067366430758		39,6
13.velj.99	10,3	58	2,4	58	0,848048096156426	0,529919264233205		42,1
14.velj.99	7,9	58	2,3	95	0,996194698091746	-0,087155742747658		44,5
15.velj.99	11,9	56	2,1	308	-0,788010753606722	0,615661475325658		48,5
16.velj.99	12,4	73	0,8	115	0,90630778703665	-0,422618261740699		49
17.velj.99	14,1	69	0,5	70	0,939692620785908	0,342020143325669		50,7
18.velj.99	16,9	59	0,9	57	0,838670567945424	0,544639035015027		53,5
19.velj.99	14,9	73	1	146	0,559192903470747	-0,829037572555042		55,5
20.velj.99	13,8	81	1,7	192	-0,207911690817759	-0,978147600733806		56,6
21.velj.99	14,9	93	2,5	286	-0,961261695938319	0,275637355816999		57,7
22.velj.99	15,8	95	1,9	264	-0,994521895368273	-0,104528463267653		58,6
23.velj.99	15	93	0,6	136	0,694658370458997	-0,719339800338651		59,4
24.velj.99	13,5	100	2,8	290	-0,939692620785909	0,342020143325668		60,9
25.velj.99	13,2	72	0,8	135	0,707106781186548	-0,707106781186547		61,2
26.velj.99	17,1	64	0,6	71	0,945518575599317	0,325568154457157		65,1
27.velj.99	11,7	81	1,1	161	0,325568154457157	-0,945518575599317		70,5
28.velj.99	14,2	63	0,6	109	0,945518575599317	-0,325568154457156		73
1.ožu.99					0	1		87,2
2.ožu.99					0	1		87,2
3.ožu.99					0	1		87,2
4.ožu.99					0	1		87,2
5.ožu.99					0	1		87,2
6.ožu.99					0	1		87,2
7.ožu.99					0	1		87,2
8.ožu.99	13,3	93	3,7	150	0,5	-0,866025403784439		100,5
9.ožu.99	13,5	83	3,7	175	0,087155742747659	-0,996194698091746		100,7
10.ožu.99	14,7	97	3,5	149	0,515038074910054	-0,857167300702112		101,9
11.ožu.99	15,6	62	1,6	113	0,92050485345244	-0,390731128489274		102,8
12.ožu.99	15,8	69	3,3	83	0,992546151641322	0,121869343405147		103
13.ožu.99	15,3	75	1,2	90	1	6,12323399573677E-17		103,5
14.ožu.99	18,4	61	1,7	49	0,754709580222772	0,656059028990507		106,6
15.ožu.99	18,7	59	2,6	56	0,829037572555042	0,559192903470747		106,9
16.ožu.99	19,7	61	1,6	65	0,90630778703665	0,422618261740699		107,9
17.ožu.99	21,5	30	0,6	97	0,992546151641322	-0,121869343405147		109,7
18.ožu.99	21,6	34	0,8	74	0,961261695938319	0,275637355816999		109,8
19.ožu.99	22,3	44	1,2	59	0,857167300702112	0,515038074910054		110,5
20.ožu.99	18,2	48	2,5	75	0,965925826289068	0,258819045102521		114,6
21.ožu.99	19,7	49	1,3	268	-0,999390827019096	-0,034899496702502		116,1
22.ožu.99	18,8	54	1,5	74	0,961261695938319	0,275637355816999		117
23.ožu.99	18,9	41	2,6	77	0,974370064785235	0,224951054343865		117,1
24.ožu.99	17,1	72	3,4	218	-0,615661475325658	-0,788010753606722		118,9
25.ožu.99	11,6	94	4,5	287	-0,956304755963035	0,292371704722737		124,4
26.ožu.99	12,2	84	2,2	222	-0,669130606358858	-0,743144825477394		125
27.ožu.99	9,8	99	1,6	291	-0,933580426497202	0,3583679495453		127,4
28.ožu.99	12,8	84	0	208	-0,469471562785891	-0,882947592858927		130,4
29.ožu.99	14,5	98	1,1	175	0,087155742747659	-0,996194698091746		132,1
30.ožu.99	15,8	81	1	175	0,087155742747659	-0,996194698091746		133,4
31.ožu.99	17	81	1,9	209	-0,484809620246337	-0,874619707139396		134,6
1.tra.99	13,4	100	3,2	197	-0,292371704722736	-0,956304755963036		138,2
2.tra.99	16	86	1,9	152	0,469471562785891	-0,882947592858927		140,8
3.tra.99	19,8	72	0,7	269	-0,999847695156391	-0,017452406437284		144,6
4.tra.99	23	65	0,4	135	0,707106781186548	-0,707106781186547		147,8
5.tra.99	25,4	58	0,8	80	0,984807753012208	0,17364817766693		150,2
6.tra.99	16,4	94	1,3	211	-0,515038074910054	-0,857167300702112		159,2
7.tra.99	20,5	46	1,2	55	0,819152044288992	0,573576436351046		163,3
8.tra.99	22	52	1,6	167	0,224951054343865	-0,974370064785235		164,8
9.tra.99	20,7	50	2,4	74	0,961261695938319	0,275637355816999		166,1
10.tra.99	20,5	73	1,5	256	-0,970295726275996	-0,241921895599668		166,3
11.tra.99	20,6	62	1	77	0,974370064785235	0,224951054343865		166,4
12.tra.99	16,2	70	2,2	292	-0,927183854566787	0,374606593415912		170,8
13.tra.99	15,1	62	0,7	194	-0,241921895599667	-0,970295726275996		171,9
14.tra.99	13,9	77	1,6	266	-0,997564050259824	-0,069756473744126		173,1
15.tra.99	10,9	66	0,9	299	-0,874619707139396	0,484809620246337		176,1
16.tra.99	10,9	100	1,5	276	-0,994521895368273	0,104528463267653		176,1
17.tra.99	12,7	81	2	289	-0,945518575599317	0,325568154457156		177,9
18.tra.99	14,2	58	0,9	40	0,642787609686539	0,766044443118978		179,4
19.tra.99	14,2	78	1,1	186	-0,104528463267653	-0,994521895368273		179,4
20.tra.99	15	100	2,8	180	1,22464679914735E-16	-1		180,2
21.tra.99	14	100	1,4	74	0,961261695938319	0,275637355816999		181,2
22.tra.99	15,3	93	1	131	0,754709580222772	-0,656059028990507		182,5
23.tra.99	14,5	89	2	276	-0,994521895368273	0,104528463267653		183,3
24.tra.99	15,3	75	1,5	255	-0,965925826289068	-0,258819045102521		184,1
25.tra.99	15,5	98	2,2	217	-0,601815023152048	-0,798635510047293		184,3
26.tra.99	14,2	98	2,3	287	-0,956304755963035	0,292371704722737		185,6
27.tra.99	16,1	74	1,1	40	0,642787609686539	0,766044443118978		187,5
28.tra.99	16,4	70	0,8	72	0,951056516295153	0,309016994374947		187,8
29.tra.99	15,8	82	1,6	228	-0,743144825477394	-0,669130606358858		188,4
30.tra.99	17	81	2,4	231	-0,777145961456971	-0,629320391049837		189,6
1.svi.99	17,3	77	0,3	143	0,601815023152048	-0,798635510047293		189,9
2.svi.99	16,5	92	1,5	253	-0,956304755963035	-0,292371704722737		190,7
3.svi.99	17,1	93	1,5	198	-0,309016994374948	-0,951056516295153		191,3
4.svi.99	15,8	85	1,4	208	-0,469471562785891	-0,882947592858927		192,6
5.svi.99	16,5	98	0,7	208	-0,469471562785891	-0,882947592858927		193,3
6.svi.99	16,5	100	2,8	202	-0,374606593415912	-0,927183854566787		193,3
7.svi.99	16,4	85	1,4	207	-0,453990499739546	-0,891006524188368		193,4
8.svi.99	17,8	71	1,3	285	-0,965925826289068	0,258819045102521		194,8
9.svi.99	18,7	73	1,8	143	0,601815023152048	-0,798635510047293		195,7
10.svi.99	20	89	1,5	137	0,681998360062498	-0,73135370161917		197
11.svi.99	18,3	99	2,5	251	-0,945518575599317	-0,325568154457157		198,7
12.svi.99	16,5	99	1,2	234	-0,809016994374947	-0,587785252292473		200,5
13.svi.99	17,8	96	1,7	292	-0,927183854566787	0,374606593415912		201,8
14.svi.99	16,1	100	4,7	297	-0,891006524188368	0,453990499739547		203,5
15.svi.99	11,6	100	1,8	266	-0,997564050259824	-0,069756473744126		208
16.svi.99	11,4	100	2,3	102	0,978147600733806	-0,207911690817759		208,2
17.svi.99	15,8	85	1,6	297	-0,891006524188368	0,453990499739547		212,6
18.svi.99	14,2	81	3	279	-0,987688340595138	0,156434465040231		214,2
19.svi.99	14,2	89	0,7	272	-0,999390827019096	0,034899496702501		214,2
20.svi.99	16,1	77	2,4	266	-0,997564050259824	-0,069756473744126		216,1
21.svi.99	19,3	61	1,2	78	0,978147600733806	0,207911690817759		219,3
22.svi.99					0	1		238,6
23.svi.99					0	1		238,6
24.svi.99					0	1		238,6
25.svi.99					0	1		238,6
26.svi.99	22,1	74	4,4	195	-0,25881904510252	-0,965925826289068		260,7
27.svi.99	18,1	96	1,7	131	0,754709580222772	-0,656059028990507		264,7
28.svi.99	19,8	78	1,1	169	0,190808995376545	-0,981627183447664		266,4
29.svi.99	20,9	79	2,2	152	0,469471562785891	-0,882947592858927		267,5
30.svi.99	18,8	81	1,5	270	-1	-1,83697019872103E-16		269,6
31.svi.99	23,8	67	1,8	107	0,956304755963036	-0,292371704722737		274,6
1.lip.99	18,2	92	0,7	136	0,694658370458997	-0,719339800338651		280,2
2.lip.99	17,1	87	1,5	289	-0,945518575599317	0,325568154457156		281,3
3.lip.99	18	81	1,8	229	-0,754709580222772	-0,656059028990508		282,2
4.lip.99	16,7	87	1,1	262	-0,99026806874157	-0,139173100960065		283,5
5.lip.99	16,4	93	1,3	199	-0,325568154457157	-0,945518575599317		283,8
6.lip.99	16,1	81	1,8	278	-0,99026806874157	0,139173100960065		284,1
7.lip.99	18,3	65	1	199	-0,325568154457157	-0,945518575599317		286,3
8.lip.99	20,7	66	0,7	71	0,945518575599317	0,325568154457157		288,7
9.lip.99	22,6	69	2	262	-0,99026806874157	-0,139173100960065		290,6
10.lip.99	21,8	80	2,6	278	-0,99026806874157	0,139173100960065		291,4
11.lip.99	22,5	76	1,1	259	-0,981627183447664	-0,190808995376545		292,1
12.lip.99	19,2	93	0,9	278	-0,99026806874157	0,139173100960065		295,4
13.lip.99	19	96	2,4	293	-0,920504853452441	0,390731128489273		295,6
14.lip.99	19,4	96	3	237	-0,838670567945424	-0,544639035015027		296
15.lip.99	17,4	100	2,2	293	-0,920504853452441	0,390731128489273		298
16.lip.99	18,1	86	4,6	271	-0,999847695156391	0,017452406437283		298,7
17.lip.99	22,8	72	0,9	270	-1	-1,83697019872103E-16		303,4
18.lip.99	26,4	56	0,4	82	0,99026806874157	0,139173100960066		307
19.lip.99	29	47	1,1	151	0,484809620246337	-0,874619707139396		309,6
20.lip.99	26	69	2,2	265	-0,996194698091746	-0,087155742747658		312,6
21.lip.99	27	53	0,5	334	-0,438371146789077	0,898794046299167		313,6
22.lip.99	26,6	47	1	84	0,994521895368273	0,104528463267653		314
23.lip.99	19,7	92	0,8	189	-0,156434465040231	-0,987688340595138		320,9
24.lip.99	19	88	1,3	159	0,3583679495453	-0,933580426497202		321,6
25.lip.99	18	88	1	188	-0,139173100960066	-0,99026806874157		322,6
26.lip.99	19,1	91	0,6	262	-0,99026806874157	-0,139173100960065		323,7
27.lip.99	18,4	97	2,4	301	-0,857167300702112	0,515038074910054		324,4
28.lip.99	21	69	1,6	300	-0,866025403784439	0,5		327
29.lip.99	21,2	81	2,4	240	-0,866025403784438	-0,5		327,2
30.lip.99	23,9	79	1,2	303	-0,838670567945424	0,544639035015027		329,9
1.srp.99	23,1	81	1,1	272	-0,999390827019096	0,034899496702501		330,7
2.srp.99	19,1	90	1,7	248	-0,927183854566787	-0,374606593415912		334,7
3.srp.99	19,7	92	1,1	217	-0,601815023152048	-0,798635510047293		335,3
4.srp.99	17	100	0,8	122	0,848048096156426	-0,529919264233205		338
5.srp.99	19,3	88	2,6	288	-0,951056516295154	0,309016994374947		340,3
6.srp.99	22,4	71	0,5	158	0,374606593415912	-0,927183854566787		343,4
7.srp.99	28,2	47	2,2	86	0,997564050259824	0,069756473744126		349,2
8.srp.99	32,8	30	1,8	110	0,939692620785908	-0,342020143325669		353,8
9.srp.99	28,9	62	0,9	267	-0,998629534754574	-0,052335956242944		357,7
10.srp.99	19,7	99	1,9	251	-0,945518575599317	-0,325568154457157		366,9
11.srp.99	20,4	89	1,5	238	-0,848048096156426	-0,529919264233205		367,6
12.srp.99	20,7	95	3,7	277	-0,992546151641322	0,121869343405148		367,9
13.srp.99	25,8	74	1,9	265	-0,996194698091746	-0,087155742747658		373
14.srp.99	26,9	66	0,9	208	-0,469471562785891	-0,882947592858927		374,1
15.srp.99	29,2	67	1	278	-0,99026806874157	0,139173100960065		376,4
16.srp.99	20,2	91	0,8	293	-0,920504853452441	0,390731128489273		385,4
17.srp.99	19,5	92	1,5	284	-0,970295726275996	0,241921895599667		386,1
18.srp.99	20,5	82	3,2	269	-0,999847695156391	-0,017452406437284		387,1
19.srp.99	20,9	86	1,1	186	-0,104528463267653	-0,994521895368273		387,5
20.srp.99	24,9	71	1,6	299	-0,874619707139396	0,484809620246337		391,5
21.srp.99	21,6	97	1,6	295	-0,90630778703665	0,4226182617407		394,8
22.srp.99	22,9	84	2,6	283	-0,974370064785235	0,224951054343865		396,1
23.srp.99	28,6	61	1,8	273	-0,998629534754574	0,052335956242944		401,8
24.srp.99	19,1	100	1	163	0,292371704722737	-0,956304755963035		411,3
25.srp.99	21,4	83	2,2	282	-0,978147600733806	0,207911690817759		413,6
26.srp.99	20	92	1,5	284	-0,970295726275996	0,241921895599667		415
27.srp.99	19,4	95	2,5	290	-0,939692620785909	0,342020143325668		415,6
28.srp.99	22,2	81	1,7	286	-0,961261695938319	0,275637355816999		418,4
29.srp.99	21	88	2,5	285	-0,965925826289068	0,258819045102521		419,6
30.srp.99	19,7	96	1,8	274	-0,997564050259824	0,069756473744125		420,9
31.srp.99	22,7	80	1,1	268	-0,999390827019096	-0,034899496702502		423,9
1.kol.99	20,7	87	0	271	-0,999847695156391	0,017452406437283		425,9
2.kol.99	21,8	88	1,7	284	-0,970295726275996	0,241921895599667		427
3.kol.99	23,6	78	0,6	244	-0,898794046299167	-0,438371146789078		428,8
4.kol.99	20,3	91	1,1	269	-0,999847695156391	-0,017452406437284		432,1
5.kol.99	23,5	76	0,8	284	-0,970295726275996	0,241921895599667		435,3
6.kol.99	20,8	93	2,1	230	-0,766044443118978	-0,642787609686539		438
7.kol.99	18,3	97	1,5	203	-0,390731128489274	-0,92050485345244		440,5
8.kol.99	19,2	100	2	241	-0,874619707139396	-0,484809620246337		441,4
9.kol.99	20,9	94	0,8	171	0,156434465040231	-0,987688340595138		443,1
10.kol.99	21,3	88	1,2	95	0,996194698091746	-0,087155742747658		443,5
11.kol.99	20,9	92	0,7	263	-0,992546151641322	-0,121869343405147		443,9
12.kol.99	22,6	82	1	268	-0,999390827019096	-0,034899496702502		445,6
13.kol.99	24,1	74	2,4	261	-0,987688340595138	-0,156434465040231		447,1
14.kol.99	24,9	78	1,6	271	-0,999847695156391	0,017452406437283		447,9
15.kol.99	21,1	98	1,9	302	-0,848048096156426	0,529919264233205		451,7
16.kol.99	17,8	100	0,8	337	-0,390731128489275	0,92050485345244		455
17.kol.99	21,1	83	2,8	269	-0,999847695156391	-0,017452406437284		458,3
18.kol.99	18,8	100	1,9	290	-0,939692620785909	0,342020143325668		460,6
19.kol.99	21,8	72	1,1	118	0,882947592858927	-0,469471562785891		463,6
20.kol.99	20	86	1	283	-0,974370064785235	0,224951054343865		465,4
21.kol.99	23,3	78	1,9	259	-0,981627183447664	-0,190808995376545		468,7
22.kol.99	23,4	84	0,9	324	-0,587785252292473	0,809016994374947		468,8
23.kol.99	21,6	88	1,3	193	-0,224951054343865	-0,974370064785235		470,6
24.kol.99	23,7	81	1	213	-0,544639035015027	-0,838670567945424		472,7
25.kol.99	22,7	97	1,1	310	-0,766044443118978	0,642787609686539		473,7
26.kol.99	23,8	76	1,9	198	-0,309016994374948	-0,951056516295153		474,8
27.kol.99	22,2	84	2,7	294	-0,913545457642601	0,406736643075801		476,4
28.kol.99	22,8	81	1,2	281	-0,981627183447664	0,190808995376544		477
29.kol.99	21,5	94	1,1	298	-0,882947592858927	0,46947156278589		478,3
30.kol.99	22,1	94	1,3	298	-0,882947592858927	0,46947156278589		478,9
31.kol.99	26,3	61	1,3	138	0,669130606358858	-0,743144825477394		483,1
1.ruj.99	24,5	70	3,1	63	0,891006524188368	0,453990499739547		484,9
2.ruj.99	23,9	90	1,5	200	-0,342020143325669	-0,939692620785908		485,5
3.ruj.99		87	1,4	298	-0,882947592858927	0,46947156278589		509,4
4.ruj.99	21	95	1,7	283	-0,974370064785235	0,224951054343865		530,4
5.ruj.99	22,5	88	2,5	228	-0,743144825477394	-0,669130606358858		531,9
6.ruj.99	22,9	84	1,7	137	0,681998360062498	-0,73135370161917		532,3
7.ruj.99	21,7	85	1,6	293	-0,920504853452441	0,390731128489273		533,5
8.ruj.99	22,4	86	1,3	296	-0,898794046299167	0,438371146789077		534,2
9.ruj.99	27,4	68	1	166	0,241921895599668	-0,970295726275996		539,2
10.ruj.99	24,6	77	2,2	284	-0,970295726275996	0,241921895599667		542
11.ruj.99	23,1	86	1,1	266	-0,997564050259824	-0,069756473744126		543,5
12.ruj.99	21,6	70		172	0,139173100960066	-0,99026806874157		545
13.ruj.99					0	1		566,6
14.ruj.99					0	1		566,6
15.ruj.99					0	1		566,6
16.ruj.99					0	1		566,6
17.ruj.99					0	1		566,6
18.ruj.99					0	1		566,6
19.ruj.99					0	1		566,6
20.ruj.99					0	1		566,6
21.ruj.99	20,3	100	2,3	211	-0,515038074910054	-0,857167300702112		586,9
22.ruj.99	20	95	2,5	215	-0,573576436351046	-0,819152044288992		587,2
23.ruj.99	20,6	92	2,2	163	0,292371704722737	-0,956304755963035		587,8
24.ruj.99	20,2	98	0,7	149	0,515038074910054	-0,857167300702112		588,2
25.ruj.99	19,3	97	0,6	288	-0,951056516295154	0,309016994374947		589,1
26.ruj.99	19,7	86	1,4	143	0,601815023152048	-0,798635510047293		589,5
27.ruj.99	18,9	94	1,3	287	-0,956304755963035	0,292371704722737		590,3
28.ruj.99	19,7	85	0,7	146	0,559192903470747	-0,829037572555042		591,1
29.ruj.99	19,8	90	2,9	208	-0,469471562785891	-0,882947592858927		591,2
30.ruj.99	19,5	72	1,1	217	-0,601815023152048	-0,798635510047293		591,5
1.lis.99	18,5	83	2,2	306	-0,809016994374947	0,587785252292473		592,5
2.lis.99	18,4	87	1,8	270	-1	-1,83697019872103E-16		592,6
3.lis.99	18,1	63	1,3	52	0,788010753606722	0,615661475325658		592,9
4.lis.99	18,9	60	0,9	59	0,857167300702112	0,515038074910054		593,7
5.lis.99	21,2	57	2,5	64	0,898794046299167	0,438371146789077		596
6.lis.99	18,2	80	1,3	184	-0,069756473744125	-0,997564050259824		599
7.lis.99	23	57	1,3	43	0,681998360062498	0,731353701619171		603,8
8.lis.99	22,9	64	1,7	65	0,90630778703665	0,422618261740699		603,9
9.lis.99					0	1		626,8
10.lis.99					0	1		626,8
11.lis.99					0	1		626,8
12.lis.99	18,5	100	1,4	280	-0,984807753012208	0,17364817766693		645,3
13.lis.99	18,5	94	1,1	168	0,207911690817759	-0,978147600733806		645,3
14.lis.99	18,3	96	2	225	-0,707106781186547	-0,707106781186548		645,5
15.lis.99	18,4	89	1,2	146	0,559192903470747	-0,829037572555042		645,6
16.lis.99	16,4	89	1,4	176	0,069756473744126	-0,997564050259824		647,6
17.lis.99	14,1	95	0,9	132	0,743144825477394	-0,669130606358858		649,9
18.lis.99	16,2	89	0,9	196	-0,275637355816999	-0,961261695938319		652
19.lis.99	16,2	82	0,9	192	-0,207911690817759	-0,978147600733806		652
20.lis.99	15,3	100	4,7	291	-0,933580426497202	0,3583679495453		652,9
21.lis.99	17,5	100	5,4	166	0,241921895599668	-0,970295726275996		655,1
22.lis.99	17,7	97	0,9	103	0,974370064785235	-0,224951054343865		655,3
23.lis.99	15,7	100	1,1	146	0,559192903470747	-0,829037572555042		657,3
24.lis.99	16,1	91	4,5	292	-0,927183854566787	0,374606593415912		657,7
25.lis.99					0	1		673,8
26.lis.99					0	1		673,8
27.lis.99	19,6	85	2,6	291	-0,933580426497202	0,3583679495453		693,4
28.lis.99	18,5	97	1,1	71	0,945518575599317	0,325568154457157		694,5
29.lis.99					0	1		713
30.lis.99					0	1		713
31.lis.99	17,3	100	1,9	160	0,342020143325669	-0,939692620785908		730,3
1.stu.99	19,1	100	1,5	165	0,258819045102521	-0,965925826289068		732,1
2.stu.99	14,8	81	1	266	-0,997564050259824	-0,069756473744126		736,4
3.stu.99	12	71	1,1	51	0,777145961456971	0,629320391049837		739,2
4.stu.99	18,4	69	3,137	0	0	1		745,6
5.stu.99	19,3	81	4,8	199	-0,325568154457157	-0,945518575599317		746,5
6.stu.99	18,7	89	1	257	-0,974370064785235	-0,224951054343865		747,1
7.stu.99	17,5	91	1	264	-0,994521895368273	-0,104528463267653		748,3
8.stu.99	19,5	64	0,7	145	0,573576436351046	-0,819152044288992		750,3
9.stu.99		61	2,6	61	0,874619707139396	0,484809620246337		769,8
10.stu.99	16,7	59	2,7	69	0,933580426497202	0,3583679495453		786,5
11.stu.99	15	56	1,1	70	0,939692620785908	0,342020143325669		788,2
12.stu.99	13,5	69	1,2	74	0,961261695938319	0,275637355816999		789,7
13.stu.99	12,5	79	1,9	265	-0,996194698091746	-0,087155742747658		790,7
14.stu.99	13,4	90	1,4	298	-0,882947592858927	0,46947156278589		791,6
15.stu.99	16,2	73	1,4	26	0,438371146789077	0,898794046299167		794,4
16.stu.99	14,8	69	1,3	101	0,981627183447664	-0,190808995376545		795,8
17.stu.99	14,3	66	1,5	43	0,681998360062498	0,731353701619171		796,3
18.stu.99	14,2	81	0,9	79	0,981627183447664	0,190808995376545		796,4
19.stu.99	12,5	100	1,3	145	0,573576436351046	-0,819152044288992		798,1
20.stu.99	11,1	61	1,2	258	-0,978147600733806	-0,20791169081776		799,5
21.stu.99	10,8	73	0,8	180	1,22464679914735E-16	-1		799,8
22.stu.99	9,7	75	1,5	155	0,422618261740699	-0,90630778703665		800,9
23.stu.99	12,3	70	1	112	0,927183854566787	-0,374606593415912		803,5
24.stu.99	13,5	71	0,8	69	0,933580426497202	0,3583679495453		804,7
25.stu.99	14,1	67	1,9	69	0,933580426497202	0,3583679495453		805,3
26.stu.99	8,7	83	1,2	134	0,719339800338651	-0,694658370458997		810,7
27.stu.99	12,3	77	2,1	114	0,913545457642601	-0,4067366430758		814,3
28.stu.99	11,2	79	0,9	142	0,615661475325658	-0,788010753606722		815,4
29.stu.99	11,1	100	0,7	305	-0,819152044288992	0,573576436351046		815,5
30.stu.99	17,9	68	1	62	0,882947592858927	0,469471562785891		822,3
1.pro.99	15,2	65	1,5	69	0,933580426497202	0,3583679495453		825
2.pro.99	16,4	67	1,3	129	0,777145961456971	-0,629320391049837		826,2
3.pro.99	14,2	75	1,6	73	0,956304755963035	0,292371704722737		828,4
4.pro.99	13,7	92	1,5	85	0,996194698091746	0,087155742747658		828,9
5.pro.99					0	1		842,6
6.pro.99					0	1		842,6
7.pro.99					0	1		842,6
8.pro.99					0	1		842,6
9.pro.99					0	1		842,6
10.pro.99					0	1		842,6
11.pro.99					0	1		842,6
12.pro.99	13,4	86	2,2	210	-0,5	-0,866025403784439		856
13.pro.99	8	86	0,7	175	0,087155742747659	-0,996194698091746		861,4
14.pro.99	14,5	86	1	360	-2,44929359829471E-16	1		867,9
15.pro.99	9,4	82	1,1	309	-0,777145961456971	0,629320391049837		873
16.pro.99	8,5	75	2	97	0,992546151641322	-0,121869343405147		873,9
17.pro.99	7,2	88	0,3	275	-0,996194698091746	0,087155742747658		875,2
18.pro.99	6,3	96	1,2	123	0,838670567945424	-0,544639035015027		876,1
19.pro.99	12,5	98	0,4		0	1		882,3
20.pro.99				84	0,994521895368273	0,104528463267653		894,8
21.pro.99	11,8	94	0,8	78	0,978147600733806	0,207911690817759		906,6
22.pro.99	14	89	1,3	124	0,829037572555042	-0,559192903470747		908,8
23.pro.99	11,1	100	1,3	143	0,601815023152048	-0,798635510047293		911,7
24.pro.99	13,1	99	1,9	164	0,275637355817	-0,961261695938319		913,7
25.pro.99	13,9	100	2,2	158	0,374606593415912	-0,927183854566787		914,5
26.pro.99	15	100	1,3	224	-0,694658370458997	-0,719339800338651		915,6
27.pro.99	14,7	100	2,1	213	-0,544639035015027	-0,838670567945424		915,9
28.pro.99	11,5	100	0,5	172	0,139173100960066	-0,99026806874157		919,1
29.pro.99	10,7	99	2,4	88	0,999390827019096	0,034899496702501		919,9
30.pro.99	11,2	58	1,3	66	0,913545457642601	0,4067366430758		920,4
31.pro.99	7,9	86	1,2	112	0,927183854566787	-0,374606593415912		923,7
1.sij.00					0	1		931,6
2.sij.00					0	1		931,6
3.sij.00					0	1		931,6
4.sij.00					0	1		931,6
5.sij.00	7,8	88	2,6	121	0,857167300702112	-0,515038074910054		939,4
6.sij.00	12,9	79	2,1	92	0,999390827019096	-0,034899496702501		944,5
7.sij.00	11,9	82		58	0,848048096156426	0,529919264233205		945,5
8.sij.00	8,2	96	1,8	105	0,965925826289068	-0,258819045102521		949,2
9.sij.00	11,6	77	2,8	49	0,754709580222772	0,656059028990507		952,6
10.sij.00	10,5	63	0,5	47	0,73135370161917	0,681998360062498		953,7
11.sij.00	6,5	66	2,2		0	1		957,7
12.sij.00	10	74	1,3	105	0,965925826289068	-0,258819045102521		961,2
13.sij.00	8,9	100	2,6	144	0,587785252292473	-0,809016994374947		962,3
14.sij.00	8,3	82	1,2	74	0,961261695938319	0,275637355816999		962,9
15.sij.00	10,2	75	2,6	74	0,961261695938319	0,275637355816999		964,8
16.sij.00	11,4	69	2,8	80	0,984807753012208	0,17364817766693		966
17.sij.00	11,2	66	3,7	66	0,913545457642601	0,4067366430758		966,2
18.sij.00	11,5	66	1	75	0,965925826289068	0,258819045102521		966,5
19.sij.00	12,9	58	1,8	73	0,956304755963035	0,292371704722737		967,9
20.sij.00	12,3	50	6	69	0,933580426497202	0,3583679495453		968,5
21.sij.00	10,9	70	1,1	68	0,927183854566787	0,374606593415912		969,9
22.sij.00	6,5	79	2,1	63	0,891006524188368	0,453990499739547		974,3
23.sij.00	11	59	3,8	67	0,92050485345244	0,390731128489274		978,8
24.sij.00	9,8	64	1,8	62	0,882947592858927	0,469471562785891		980
25.sij.00	7,1	61	1,7	83	0,992546151641322	0,121869343405147		982,7
26.sij.00	10,3	61	2	64	0,898794046299167	0,438371146789077		985,9
27.sij.00	12,9	67	1,3	131	0,754709580222772	-0,656059028990507		988,5
28.sij.00	12,9	79	1,6	120	0,866025403784439	-0,5		988,5
29.sij.00	10,5	95	0,8	124	0,829037572555042	-0,559192903470747		990,9
30.sij.00	13,8	73	1,7	128	0,788010753606722	-0,615661475325658		994,2
31.sij.00					0	1		1008
1.velj.00	14,2	100	0,5	149	0,515038074910054	-0,857167300702112		1022,2
2.velj.00	13,8	100	1,5	262	-0,99026806874157	-0,139173100960065		1022,6
3.velj.00	15,9	79	2,7	66	0,913545457642601	0,4067366430758		1024,7
4.velj.00	16,4	68	2,2	73	0,956304755963035	0,292371704722737		1025,2
5.velj.00	14,7	73	1,5	135	0,707106781186548	-0,707106781186547		1026,9
6.velj.00	11,9	91	1,2	110	0,939692620785908	-0,342020143325669		1029,7
7.velj.00	13,8	96	1,5	301	-0,857167300702112	0,515038074910054		1031,6
8.velj.00	13,7	97	1,6	275	-0,996194698091746	0,087155742747658		1031,7
9.velj.00	13,6	100	1	211	-0,515038074910054	-0,857167300702112		1031,8
10.velj.00	13,7	100	1,1	226	-0,719339800338651	-0,694658370458997		1031,9
11.velj.00	13,2	94	0,9	185	-0,087155742747658	-0,996194698091746		1032,4
12.velj.00	14,2	91	2,4	296	-0,898794046299167	0,438371146789077		1033,4
13.velj.00	13	81	1,2	282	-0,978147600733806	0,207911690817759		1034,6
14.velj.00	12,3	81	0,9	93	0,998629534754574	-0,052335956242944		1035,3
15.velj.00					0	1		1047,6
16.velj.00					0	1		1047,6
17.velj.00	15,8	100	1,3	291	-0,933580426497202	0,3583679495453		1063,4
18.velj.00	13,2	96	1,5	261	-0,987688340595138	-0,156434465040231		1066
19.velj.00	13,4	92	0,7	243	-0,891006524188368	-0,453990499739547		1066,2
20.velj.00	15,8	84	1,5	262	-0,99026806874157	-0,139173100960065		1068,6
21.velj.00	15,4	77	1,9	153	0,453990499739547	-0,891006524188368		1069
22.velj.00	12,9	85	1,4	298	-0,882947592858927	0,46947156278589		1071,5
23.velj.00	17,2	86	2,2	306	-0,809016994374947	0,587785252292473		1075,8
24.velj.00	19,5	61	1,4	118	0,882947592858927	-0,469471562785891		1078,1
25.velj.00	18,7	69	1,2	102	0,978147600733806	-0,207911690817759		1078,9
26.velj.00	14,2	91	1,1	260	-0,984807753012208	-0,17364817766693		1083,4
27.velj.00	12,8	98	2,1	216	-0,587785252292473	-0,809016994374947		1084,8
28.velj.00	12,9	99	2,3	209	-0,484809620246337	-0,874619707139396		1084,9
29.velj.00	11,7	85	1,1	72	0,951056516295153	0,309016994374947		1086,1
1.ožu.00	13,7	98	0,9	310	-0,766044443118978	0,642787609686539		1088,1
2.ožu.00	15,9	59	1,4	77	0,974370064785235	0,224951054343865		1090,3
3.ožu.00	14,2	79	1,1	241	-0,874619707139396	-0,484809620246337		1092
4.ožu.00	15,4	75	1,4	189	-0,156434465040231	-0,987688340595138		1093,2
5.ožu.00	19,3	59	1,6	50	0,766044443118978	0,642787609686539		1097,1
6.ožu.00	16,9	74	1,2	125	0,819152044288992	-0,573576436351046		1099,5
7.ožu.00	18,1	74	0,3	193	-0,224951054343865	-0,974370064785235		1100,7
8.ožu.00	22,1	53	2,3	70	0,939692620785908	0,342020143325669		1104,7
9.ožu.00	23,6	44	3	78	0,978147600733806	0,207911690817759		1106,2
10.ožu.00	23,2	32	2,1	71	0,945518575599317	0,325568154457157		1106,6
11.ožu.00	20,9	42		103	0,974370064785235	-0,224951054343865		1108,9
12.ožu.00					0	1		1129,8
13.ožu.00					0	1		1129,8
14.ožu.00	19,4	57	2,3	158	0,374606593415912	-0,927183854566787		1149,2
15.ožu.00	22	46	1,1	83	0,992546151641322	0,121869343405147		1151,8
16.ožu.00	21	34	2,7	75	0,965925826289068	0,258819045102521		1152,8
17.ožu.00	20,7	33	4,7	56	0,829037572555042	0,559192903470747		1153,1
18.ožu.00	20,5	37	1,9	152	0,469471562785891	-0,882947592858927		1153,3
19.ožu.00	17,7	45	1	64	0,898794046299167	0,438371146789077		1156,1
20.ožu.00	14,6	52	1,5	82	0,99026806874157	0,139173100960066		1159,2
21.ožu.00	17,3	66	3,5	124	0,829037572555042	-0,559192903470747		1161,9
22.ožu.00	16,9	76	0,8	144	0,587785252292473	-0,809016994374947		1162,3
23.ožu.00	13,4	94	2,3	269	-0,999847695156391	-0,017452406437284		1165,8
24.ožu.00	15,3	77	2,9	175	0,087155742747659	-0,996194698091746		1167,7
25.ožu.00	11,7	94	2,6	287	-0,956304755963035	0,292371704722737		1171,3
26.ožu.00	13,4	69	1,4	144	0,587785252292473	-0,809016994374947		1173
27.ožu.00	12,3	82	0	284	-0,970295726275996	0,241921895599667		1174,1
28.ožu.00	11,2	66	1,5	132	0,743144825477394	-0,669130606358858		1175,2
29.ožu.00	12,7	62	1	142	0,615661475325658	-0,788010753606722		1176,7
30.ožu.00	13,3	66	2,1	150	0,5	-0,866025403784439		1177,3
31.ožu.00	12,6	72	0,9	275	-0,996194698091746	0,087155742747658		1178
1.tra.00	13	72	1,6	73	0,956304755963035	0,292371704722737		1178,4
2.tra.00	12,1	100	3,2	179	0,017452406437284	-0,999847695156391		1179,3
3.tra.00	10	100	2,5	110	0,939692620785908	-0,342020143325669		1181,4
4.tra.00	10,1	84	0,6	236	-0,829037572555041	-0,559192903470747		1181,5
5.tra.00	8,6	82	1	100	0,984807753012208	-0,17364817766693		1183
6.tra.00					0	1		1191,6
7.tra.00					0	1		1191,6
8.tra.00					0	1		1191,6
9.tra.00					0	1		1191,6
10.tra.00					0	1		1191,6
11.tra.00					0	1		1191,6
12.tra.00	11,5	100	2,5	280	-0,984807753012208	0,17364817766693		1203,1
13.tra.00	12,7	100	4,9	143	0,601815023152048	-0,798635510047293		1204,3
14.tra.00	11,8	82	3,9	250	-0,939692620785908	-0,342020143325669		1205,2
15.tra.00	12,2	77	1,7	127	0,798635510047293	-0,601815023152048		1205,6
16.tra.00	13,4	100	1,8	94	0,997564050259824	-0,069756473744125		1206,8
17.tra.00					0	1		1220,2
18.tra.00	13,5	100	3,5	264	-0,994521895368273	-0,104528463267653		1233,7
19.tra.00	14,5	100	2	144	0,587785252292473	-0,809016994374947		1234,7
20.tra.00	12,2	100	1,2	259	-0,981627183447664	-0,190808995376545		1237
21.tra.00	16	87	1,4	143	0,601815023152048	-0,798635510047293		1240,8
22.tra.00	11,7	99	1,4	313	-0,731353701619171	0,681998360062498		1245,1
23.tra.00	12,2	91	1,4	290	-0,939692620785909	0,342020143325668		1245,6
24.tra.00	12,3	100	2,6	150	0,5	-0,866025403784439		1245,7
25.tra.00	13	100	1,8	224	-0,694658370458997	-0,719339800338651		1246,4
26.tra.00	14,3	81	0,9	210	-0,5	-0,866025403784439		1247,7
27.tra.00	12,7	82	1,3	117	0,891006524188368	-0,453990499739547		1249,3
28.tra.00	12,5	83	1,4	138	0,669130606358858	-0,743144825477394		1249,5
29.tra.00	14,9	92	1	176	0,069756473744126	-0,997564050259824		1251,9
30.tra.00	15,6	89	1,2	288	-0,951056516295154	0,309016994374947		1252,6
1.svi.00	15	100	0,3	103	0,974370064785235	-0,224951054343865		1253,2
2.svi.00	18,2	75	0,5	131	0,754709580222772	-0,656059028990507		1256,4
3.svi.00	23,6	58	1	105	0,965925826289068	-0,258819045102521		1261,8
4.svi.00	18,4	79	2	71	0,945518575599317	0,325568154457157		1267
5.svi.00	18,1	86	1,1	137	0,681998360062498	-0,73135370161917		1267,3
6.svi.00	19,1	78	1,6	123	0,838670567945424	-0,544639035015027		1268,3
7.svi.00	18	81	1,6	285	-0,965925826289068	0,258819045102521		1269,4
8.svi.00	16,7	87	0,7	291	-0,933580426497202	0,3583679495453		1270,7
9.svi.00					0	1		1287,4
10.svi.00					0	1		1287,4
11.svi.00					0	1		1287,4
12.svi.00					0	1		1287,4
13.svi.00					0	1		1287,4
14.svi.00					0	1		1287,4
15.svi.00					0	1		1287,4
16.svi.00					0	1		1287,4
17.svi.00	17,2	90	1,9	287	-0,956304755963035	0,292371704722737		1304,6
18.svi.00	18,8	78	0,9	210	-0,5	-0,866025403784439		1306,2
19.svi.00	22,8	64	3,4	222	-0,669130606358858	-0,743144825477394		1310,2
20.svi.00	21,6	76	1,9	282	-0,978147600733806	0,207911690817759		1311,4
21.svi.00	19,1	84	0,6	316	-0,694658370458998	0,719339800338651		1313,9
22.svi.00	20,3	83	1,4	68	0,927183854566787	0,374606593415912		1315,1
23.svi.00	21,1	85	1,7	288	-0,951056516295154	0,309016994374947		1315,9
24.svi.00	17,2	86	1,2	270	-1	-1,83697019872103E-16		1319,8
25.svi.00	16,2	100	1,6	221	-0,656059028990507	-0,754709580222772		1320,8
26.svi.00	16,5	100	1,5	325	-0,573576436351047	0,819152044288992		1321,1
27.svi.00	16,1	72	1,9	266	-0,997564050259824	-0,069756473744126		1321,5
28.svi.00	16	100	1,9	198	-0,309016994374948	-0,951056516295153		1321,6
29.svi.00	16,4	100	2,5	256	-0,970295726275996	-0,241921895599668		1322
30.svi.00	20	94	1	315	-0,707106781186548	0,707106781186547		1325,6
31.svi.00	17,1	100	1,2	267	-0,998629534754574	-0,052335956242944		1328,5
1.lip.00	19,1	91	3,4	297	-0,891006524188368	0,453990499739547		1330,5
2.lip.00	16,5	100	2,4	302	-0,848048096156426	0,529919264233205		1333,1
3.lip.00	18,4	91	1,2	207	-0,453990499739546	-0,891006524188368		1335
4.lip.00	16,5	100	1,7	315	-0,707106781186548	0,707106781186547		1336,9
5.lip.00	18,4	78	2,2	224	-0,694658370458997	-0,719339800338651		1338,8
6.lip.00	23,4	60	0,7	54	0,809016994374947	0,587785252292473		1343,8
7.lip.00	26,4	47	2,1	118	0,882947592858927	-0,469471562785891		1346,8
8.lip.00	17,3	87	2	262	-0,99026806874157	-0,139173100960065		1355,9
9.lip.00	14,2	87	2	291	-0,933580426497202	0,3583679495453		1359
10.lip.00	16,7	77	2,9	237	-0,838670567945424	-0,544639035015027		1361,5
11.lip.00	18,9	95	0,7	265	-0,996194698091746	-0,087155742747658		1363,7
12.lip.00	25,8	52	1,1	138	0,669130606358858	-0,743144825477394		1370,6
13.lip.00	28,4	42	1,7	84	0,994521895368273	0,104528463267653		1373,2
14.lip.00	30,3	33	2,7	55	0,819152044288992	0,573576436351046		1375,1
15.lip.00	32,1	48	1,9	134	0,719339800338651	-0,694658370458997		1376,9
16.lip.00	29,9	62	0,7	307	-0,798635510047293	0,601815023152048		1379,1
17.lip.00	29,7	54	2,8	291	-0,933580426497202	0,3583679495453		1379,3
18.lip.00	23,1	68	3,1	173	0,121869343405148	-0,992546151641322		1385,9
19.lip.00	18,2	100	0,6	120	0,866025403784439	-0,5		1390,8
20.lip.00	20,4	83	2,5	156	0,4067366430758	-0,913545457642601		1393
21.lip.00	21,1	90	1,4	305	-0,819152044288992	0,573576436351046		1393,7
22.lip.00	21	73	3,9	267	-0,998629534754574	-0,052335956242944		1393,8
23.lip.00	23,3	65	1	42	0,669130606358858	0,743144825477394		1396,1
24.lip.00	28,4	40	3,1	97	0,992546151641322	-0,121869343405147		1401,2
25.lip.00	30,8	37	3,1	72	0,951056516295153	0,309016994374947		1403,6
26.lip.00	21,9	84	1,7	197	-0,292371704722736	-0,956304755963036		1412,5
27.lip.00	21	95	4,2	222	-0,669130606358858	-0,743144825477394		1413,4
28.lip.00	20,7	91	1,6	292	-0,927183854566787	0,374606593415912		1413,7
29.lip.00	20,9	84	2,1	277	-0,992546151641322	0,121869343405148		1413,9
30.lip.00	20,9	82	2,8	289	-0,945518575599317	0,325568154457156		1413,9
1.srp.00	20,8	84	1,6	256	-0,970295726275996	-0,241921895599668		1414
2.srp.00	21,3	83	1,9	175	0,087155742747659	-0,996194698091746		1414,5
3.srp.00	19,2	96	2,4	285	-0,965925826289068	0,258819045102521		1416,6
4.srp.00	20,1	82	1,8	303	-0,838670567945424	0,544639035015027		1417,5
5.srp.00	21,5	77	2,2	299	-0,874619707139396	0,484809620246337		1418,9
6.srp.00	21,1	86	1,4	309	-0,777145961456971	0,629320391049837		1419,3
7.srp.00	21,5	85	1,8	282	-0,978147600733806	0,207911690817759		1419,7
8.srp.00	24,5	61	0,8	59	0,857167300702112	0,515038074910054		1422,7
9.srp.00	27,5	48	1,2	75	0,965925826289068	0,258819045102521		1425,7
10.srp.00	19,4	88	2,1	283	-0,974370064785235	0,224951054343865		1433,8
11.srp.00	19,9	64	0,5	65	0,90630778703665	0,422618261740699		1434,3
12.srp.00	23,6	53	1,5	139	0,656059028990507	-0,754709580222772		1438
13.srp.00	29,3	41	0,7	149	0,515038074910054	-0,857167300702112		1443,7
14.srp.00	30	44	0,7	40	0,642787609686539	0,766044443118978		1444,4
15.srp.00					0	1		1474,4
16.srp.00					0	1		1474,4
17.srp.00					0	1		1474,4
18.srp.00	20,6	83	1,3	251	-0,945518575599317	-0,325568154457157		1495
19.srp.00	19,4	88	1,7	230	-0,766044443118978	-0,642787609686539		1496,2
20.srp.00	17,2	100	1,1	271	-0,999847695156391	0,017452406437283		1498,4
21.srp.00	18,4	95	2,9	276	-0,994521895368273	0,104528463267653		1499,6
22.srp.00	20,9	87	1,5	222	-0,669130606358858	-0,743144825477394		1502,1
23.srp.00	19,6	100	1,5	277	-0,992546151641322	0,121869343405148		1503,4
24.srp.00	18,4	100	1,3	177	0,052335956242944	-0,998629534754574		1504,6
25.srp.00	20,2	95	2,8	246	-0,913545457642601	-0,4067366430758		1506,4
26.srp.00	20,9	92	1,7	300	-0,866025403784439	0,5		1507,1
27.srp.00	20,6	93	4,5	287	-0,956304755963035	0,292371704722737		1507,4
28.srp.00	22,3	87	2	243	-0,891006524188368	-0,453990499739547		1509,1
29.srp.00	26,5	70	1,7	289	-0,945518575599317	0,325568154457156		1513,3
30.srp.00	27,3	70	2,1	212	-0,529919264233205	-0,848048096156426		1514,1
31.srp.00	21	94	2,5	283	-0,974370064785235	0,224951054343865		1520,4
1.kol.00	22,3	84	2,7	281	-0,981627183447664	0,190808995376544		1521,7
2.kol.00	19	96	1,1	271	-0,999847695156391	0,017452406437283		1525
3.kol.00	22,6	60	2,3	40	0,642787609686539	0,766044443118978		1528,6
4.kol.00	23,3	57	1,8	68	0,927183854566787	0,374606593415912		1529,3
5.kol.00	25,3	49	2,1	75	0,965925826289068	0,258819045102521		1531,3
6.kol.00	25,2	47	1,9	108	0,951056516295154	-0,309016994374947		1531,4
7.kol.00	28	46	1,3	55	0,819152044288992	0,573576436351046		1534,2
8.kol.00	29,6	55	2,1	211	-0,515038074910054	-0,857167300702112		1535,8
9.kol.00	19,6	91	1,5	272	-0,999390827019096	0,034899496702501		1545,8
10.kol.00	19,2	91	1,7	280	-0,984807753012208	0,17364817766693		1546,2
11.kol.00	20,7	98	1,3	288	-0,951056516295154	0,309016994374947		1547,7
12.kol.00	20	92	1,2	299	-0,874619707139396	0,484809620246337		1548,4
13.kol.00	19,8	100	1,4	172	0,139173100960066	-0,99026806874157		1548,6
14.kol.00	24,7	80	1,9	286	-0,961261695938319	0,275637355816999		1553,5
15.kol.00	29,2	65	0	66	0,913545457642601	0,4067366430758		1558
16.kol.00	24,7	79	1,4	223	-0,681998360062498	-0,731353701619171		1562,5
17.kol.00	24,8	74	1	154	0,438371146789077	-0,898794046299167		1562,6
18.kol.00	20,1	91	1,1	240	-0,866025403784438	-0,5		1567,3
19.kol.00	21,3	93	1,8	297	-0,891006524188368	0,453990499739547		1568,5
20.kol.00	20,3	92	3,3	279	-0,987688340595138	0,156434465040231		1569,5
21.kol.00	19,9	81	1,4	155	0,422618261740699	-0,90630778703665		1569,9
22.kol.00	20,1	88	3	158	0,374606593415912	-0,927183854566787		1570,1
23.kol.00	16,3	100	2,9	132	0,743144825477394	-0,669130606358858		1573,9
