#	DATE	WD	SEASON
			
1	1.sij.99	129	1
2	8.sij.99	339	1
3	15.sij.99	72	1
4	22.sij.99	96	1
5	29.sij.99	74	1
6	5.velj.99	74	1
7	12.velj.99	66	1
8	19.velj.99	146	1
9	26.velj.99	71	1
10	8.ožu.99	150	1
11	15.ožu.99	56	1
12	27.pro.99	213	1
13	5.sij.00	121	1
14	12.sij.00	105	1
15	19.sij.00	73	1
16	26.sij.00	64	1
17	1.velj.00	149	1
18	8.velj.00	275	1
19	17.velj.00	291	1
20	24.velj.00	118	1
21	2.ožu.00	77	1
22	9.ožu.00	78	1
23	16.ožu.00	75	1
24	22.ožu.99	74	2
25	29.ožu.99	175	2
26	5.tra.99	80	2
27	12.tra.99	292	2
28	19.tra.99	186	2
29	26.tra.99	287	2
30	3.svi.99	198	2
31	10.svi.99	137	2
32	17.svi.99	297	2
33	31.svi.99	107	2
34	7.lip.99	199	2
35	14.lip.99	237	2
36	23.ožu.00	269	2
37	30.ožu.00	150	2
38	5.tra.00	100	2
39	12.tra.00	280	2
40	19.tra.00	144	2
41	26.tra.00	210	2
42	3.svi.00	105	2
43	17.svi.00	287	2
44	24.svi.00	270	2
45	31.svi.00	267	2
46	7.lip.00	118	2
47	14.lip.00	55	2
48	21.lip.99	334	3
49	28.lip.99	300	3
50	5.srp.99	288	3
51	12.srp.99	277	3
52	20.srp.99	299	3
53	27.srp.99	290	3
54	3.kol.99	244	3
55	10.kol.99	95	3
56	17.kol.99	269	3
57	24.kol.99	213	3
58	31.kol.99	138	3
59	7.ruj.99	293	3
60	21.lip.00	305	3
61	28.lip.00	292	3
62	5.srp.00	299	3
63	12.srp.00	139	3
64	19.srp.00	230	3
65	26.srp.00	300	3
66	2.kol.00	271	3
67	9.kol.00	272	3
68	16.kol.00	223	3
69	23.kol.00	132	3
70	21.ruj.99	211	4
71	4.lis.99	59	4
72	12.lis.99	280	4
73	19.lis.99	192	4
74	1.stu.99	165	4
75	8.stu.99	145	4
76	15.stu.99	26	4
77	22.stu.99	155	4
78	29.stu.99	305	4
79	12.pro.99	210	4
80	20.pro.99	84	4
